(1, ананас, 50, 60.00);
(2, шампиньон, 50, 60.00);
(3, маслины, 50, 60.00);
(4, корнешоны, 50, 60.00);
(5, болгарский перец, 50, 60.00);
(6, помидор, 50, 60.00);
(7, сыр моцарелла, 50, 100.00);
(8, пармезан, 40, 100.00);
(9, говядина, 50, 100.00);
(10, свинина, 50, 80.00);
(11, ветчина, 50, 70.00);
(12, бекон, 50, 100.00);
(13, пепперони, 50, 100.00);
(14, куринная грудка, 50, 80.00);
(15, сёмга, 50, 280.00);
(16, креветки, 50, 200.00);
(17, мидии, 50, 220.00);
(18, соус, 100, 0.00);
(19, тесто, 150, 0.00);